                  1b:        -141.36,      228.75,     -59.858 ->         -141.36,      228.75,     -59.858 (0.0000,0.0000,0.0000)
                  1t:        -142.43,      263.67,      59.858 ->         -142.43,      263.67,      59.858 (0.0000,0.0000,0.0000)
                  2b:        -138.31,      128.80,     -61.358 ->         -138.31,      128.80,     -61.358 (0.0000,0.0000,0.0000)
                  2t:        -139.38,      163.72,      61.358 ->         -139.38,      163.72,      61.358 (0.0000,0.0000,0.0000)
                  3b:        -135.25,      28.848,     -62.858 ->         -135.25,      28.848,     -62.858 (0.0000,0.0000,0.0000)
                  3t:        -136.34,      63.767,      62.858 ->         -136.34,      63.767,      62.858 (0.0000,0.0000,0.0000)
                  4b:        -154.72,     -171.84,     -61.763 ->         -154.72,     -171.84,     -61.763 (0.0000,0.0000,0.0000)
                  4t:        -155.79,     -136.94,      61.763 ->         -155.79,     -136.94,      61.763 (0.0000,0.0000,0.0000)
                  5b:        -148.63,     -371.75,     -64.763 ->         -148.63,     -371.75,     -64.763 (0.0000,0.0000,0.0000)
                  5t:        -149.69,     -336.84,      64.763 ->         -149.69,     -336.84,      64.763 (0.0000,0.0000,0.0000)
                  6b:        -142.53,     -571.66,     -67.763 ->         -142.53,     -571.66,     -67.763 (0.0000,0.0000,0.0000)
                  6t:        -143.60,     -536.75,      67.763 ->         -143.60,     -536.75,      67.763 (0.0000,0.0000,0.0000)
