                  1b:        -141.36,      228.75,     -59.858 ->         -141.52,      228.89,     -59.865 (0.1600,-0.1400,0.0070)
                  1t:        -142.43,      263.67,      59.858 ->         -142.44,      263.68,      59.881 (0.0100,-0.0100,-0.0230)
                  2b:        -138.31,      128.80,     -61.358 ->         -138.48,      128.94,     -61.365 (0.1700,-0.1400,0.0070)
                  2t:        -139.38,      163.72,      61.358 ->         -139.33,      163.73,      61.412 (-0.0500,-0.0100,-0.0540)
                  3b:        -135.25,      28.848,     -62.858 ->         -135.44,      28.983,     -62.864 (0.1900,-0.1350,0.0060)
                  3t:        -136.34,      63.767,      62.858 ->         -136.21,      63.779,      62.942 (-0.1300,-0.0120,-0.0840)
                  4b:        -154.72,     -171.84,     -61.763 ->         -154.85,     -171.82,     -61.739 (0.1300,-0.0200,-0.0240)
                  4t:        -155.79,     -136.94,      61.763 ->         -155.76,     -136.95,      61.791 (-0.0300,0.0100,-0.0280)
                  5b:        -148.63,     -371.75,     -64.763 ->         -148.84,     -371.73,     -64.734 (0.2100,-0.0200,-0.0290)
                  5t:        -149.69,     -336.84,      64.763 ->         -149.72,     -336.86,      64.785 (0.0300,0.0200,-0.0220)
                  6b:        -142.53,     -571.66,     -67.763 ->         -142.82,     -571.64,     -67.728 (0.2900,-0.0200,-0.0350)
                  6t:        -143.60,     -536.75,      67.763 ->         -143.68,     -536.77,      67.779 (0.0800,0.0200,-0.0160)
