                  1b:        -141.36,      228.75,     -59.858 ->         -141.54,      228.87,     -59.888 (0.1800,-0.1200,0.0300)
                  1t:        -142.43,      263.67,      59.858 ->         -142.45,      263.69,      59.844 (0.0200,-0.0200,0.0140)
                  2b:        -138.31,      128.80,     -61.358 ->         -138.47,      128.88,     -61.366 (0.1600,-0.0800,0.0080)
                  2t:        -139.38,      163.72,      61.358 ->         -139.33,      163.79,      61.383 (-0.0500,-0.0700,-0.0250)
                  3b:        -135.25,      28.848,     -62.858 ->         -135.49,      28.918,     -62.845 (0.2400,-0.0700,-0.0130)
                  3t:        -136.34,      63.767,      62.858 ->         -136.25,      63.770,      62.907 (-0.0900,-0.0030,-0.0490)
                  4b:        -154.72,     -171.84,     -61.763 ->         -154.81,     -171.88,     -61.768 (0.0900,0.0400,0.0050)
                  4t:        -155.79,     -136.94,      61.763 ->         -155.81,     -136.91,      61.750 (0.0200,-0.0300,0.0130)
                  5b:        -148.63,     -371.75,     -64.763 ->         -148.77,     -371.79,     -64.745 (0.1400,0.0400,-0.0180)
                  5t:        -149.69,     -336.84,      64.763 ->         -149.74,     -336.86,      64.798 (0.0500,0.0200,-0.0350)
                  6b:        -142.53,     -571.66,     -67.763 ->         -142.74,     -571.68,     -67.708 (0.2100,0.0200,-0.0550)
                  6t:        -143.60,     -536.75,      67.763 ->         -143.68,     -536.74,      67.763 (0.0800,-0.0100,0.0000)
