     1b_axial_sensor:         3.3864,     -20.666,      111.57 ->          3.3592,     -20.681,      111.64 (0.0272,0.0150,-0.0700)
    1b_stereo_sensor:         3.1615,     -20.666,      104.20 ->          3.1361,     -20.676,      104.27 (0.0254,0.0100,-0.0700)
     1t_axial_sensor:         2.6780,      20.666,      88.338 ->          2.6676,      20.628,      88.356 (0.0104,0.0380,-0.0180)
    1t_stereo_sensor:         2.9021,      20.666,      95.701 ->          2.8903,      20.629,      95.719 (0.0118,0.0370,-0.0180)
     2b_axial_sensor:         6.4400,     -22.166,      211.52 ->          6.4585,     -22.186,      211.57 (-0.0185,0.0200,-0.0500)
    2b_stereo_sensor:         6.2151,     -22.166,      204.16 ->          6.2330,     -22.186,      204.21 (-0.0179,0.0200,-0.0500)
     2t_axial_sensor:         5.7208,      22.166,      188.29 ->          5.7197,      22.150,      188.30 (0.0011,0.0160,-0.0100)
    2t_stereo_sensor:         5.9450,      22.166,      195.65 ->          5.9397,      22.151,      195.67 (0.0053,0.0150,-0.0200)
     3b_axial_sensor:         9.4936,     -23.666,      311.47 ->          9.4563,     -23.662,      311.52 (0.0373,-0.0040,-0.0500)
    3b_stereo_sensor:         9.2686,     -23.666,      304.11 ->          9.2312,     -23.665,      304.16 (0.0374,-0.0010,-0.0500)
     3t_axial_sensor:         8.7637,      23.666,      288.25 ->          8.7281,      23.640,      288.31 (0.0356,0.0260,-0.0600)
    3t_stereo_sensor:         8.9878,      23.666,      295.61 ->          8.9492,      23.640,      295.67 (0.0386,0.0260,-0.0600)
4b_axial_hole_sensor:        -34.880,     -26.660,      512.93 ->         -34.846,     -26.677,      512.98 (-0.0340,0.0170,-0.0500)
4b_axial_slot_sensor:         66.063,     -26.660,      509.85 ->          66.097,     -26.665,      509.88 (-0.0340,0.0050,-0.0300)
4b_stereo_hole_sensor:        -35.054,     -29.200,      505.57 ->         -35.021,     -29.216,      505.61 (-0.0330,0.0160,-0.0400)
4b_stereo_slot_sensor:         65.788,     -24.146,      502.49 ->          65.820,     -24.150,      502.52 (-0.0320,0.0040,-0.0300)
4t_axial_hole_sensor:        -35.589,      26.660,      489.70 ->         -35.634,      26.636,      489.67 (0.0450,0.0240,0.0300)
4t_axial_slot_sensor:         65.354,      26.660,      486.62 ->          65.309,      26.649,      486.58 (0.0450,0.0110,0.0400)
4t_stereo_hole_sensor:        -35.314,      29.200,      497.06 ->         -35.358,      29.181,      497.03 (0.0440,0.0190,0.0300)
4t_stereo_slot_sensor:         65.528,      24.146,      493.99 ->          65.484,      24.140,      493.94 (0.0440,0.0060,0.0500)
5b_axial_hole_sensor:        -28.785,     -29.660,      712.84 ->         -28.724,     -29.665,      712.89 (-0.0610,0.0050,-0.0500)
5b_axial_slot_sensor:         72.159,     -29.660,      709.76 ->          72.219,     -29.659,      709.81 (-0.0600,-0.0010,-0.0500)
5b_stereo_hole_sensor:        -28.959,     -32.200,      705.48 ->         -28.898,     -32.205,      705.53 (-0.0610,0.0050,-0.0500)
5b_stereo_slot_sensor:         71.883,     -27.146,      702.40 ->          71.943,     -27.144,      702.45 (-0.0600,-0.0020,-0.0500)
5t_axial_hole_sensor:        -29.493,      29.660,      689.61 ->         -29.506,      29.694,      689.58 (0.0130,-0.0340,0.0300)
5t_axial_slot_sensor:         71.450,      29.660,      686.53 ->          71.437,      29.714,      686.48 (0.0130,-0.0540,0.0500)
5t_stereo_hole_sensor:        -29.218,      32.200,      696.97 ->         -29.229,      32.235,      696.95 (0.0110,-0.0350,0.0200)
5t_stereo_slot_sensor:         71.624,      27.146,      693.90 ->          71.613,      27.201,      693.85 (0.0110,-0.0550,0.0500)
6b_axial_hole_sensor:        -22.689,     -32.660,      912.75 ->         -22.607,     -32.648,      912.76 (-0.0820,-0.0120,-0.0100)
6b_axial_slot_sensor:         78.254,     -32.660,      909.67 ->          78.337,     -32.654,      909.68 (-0.0830,-0.0060,-0.0100)
6b_stereo_hole_sensor:        -22.863,     -35.200,      905.38 ->         -22.781,     -35.191,      905.40 (-0.0820,-0.0090,-0.0200)
6b_stereo_slot_sensor:         77.979,     -30.146,      902.31 ->          78.061,     -30.143,      902.32 (-0.0820,-0.0030,-0.0100)
6t_axial_hole_sensor:        -23.398,      32.660,      889.52 ->         -23.403,      32.648,      889.45 (0.0050,0.0120,0.0700)
6t_axial_slot_sensor:         77.546,      32.660,      886.44 ->          77.540,      32.653,      886.36 (0.0060,0.0070,0.0800)
6t_stereo_hole_sensor:        -23.122,      35.200,      896.88 ->         -23.126,      35.184,      896.82 (0.0040,0.0160,0.0600)
6t_stereo_slot_sensor:         77.720,      30.146,      893.80 ->          77.715,      30.135,      893.72 (0.0050,0.0110,0.0800)
