     1b_axial_sensor:         3.3864,     -20.666,      111.57 ->          3.7752,     -20.659,      111.75 (-0.3888,-0.0070,-0.1800)
    1b_stereo_sensor:         3.1615,     -20.666,      104.20 ->          3.4801,     -20.608,      103.69 (-0.3186,-0.0580,0.5100)
     1t_axial_sensor:         2.6780,      20.666,      88.338 ->          3.0832,      20.648,      87.909 (-0.4052,0.0180,0.4290)
    1t_stereo_sensor:         2.9021,      20.666,      95.701 ->          3.3785,      20.611,      96.094 (-0.4764,0.0550,-0.3930)
     2b_axial_sensor:         6.4400,     -22.166,      211.52 ->          6.7661,     -22.164,      211.87 (-0.3261,-0.0020,-0.3500)
    2b_stereo_sensor:         6.2151,     -22.166,      204.16 ->          6.6575,     -22.117,      203.81 (-0.4424,-0.0490,0.3500)
     2t_axial_sensor:         5.7208,      22.166,      188.29 ->          6.2095,      22.198,      187.98 (-0.4887,-0.0320,0.3100)
    2t_stereo_sensor:         5.9450,      22.166,      195.65 ->          6.4382,      22.168,      195.98 (-0.4932,-0.0020,-0.3300)
     3b_axial_sensor:         9.4936,     -23.666,      311.47 ->          9.7121,     -23.644,      311.63 (-0.2185,-0.0220,-0.1600)
    3b_stereo_sensor:         9.2686,     -23.666,      304.11 ->          9.4799,     -23.600,      303.76 (-0.2113,-0.0660,0.3500)
     3t_axial_sensor:         8.7637,      23.666,      288.25 ->          9.2741,      23.719,      287.96 (-0.5104,-0.0530,0.2900)
    3t_stereo_sensor:         8.9878,      23.666,      295.61 ->          9.5189,      23.692,      295.95 (-0.5311,-0.0260,-0.3400)
4b_axial_hole_sensor:        -34.880,     -26.660,      512.93 ->         -34.848,     -26.685,      513.08 (-0.0320,0.0250,-0.1500)
4b_axial_slot_sensor:         66.063,     -26.660,      509.85 ->          65.958,     -26.686,      510.03 (0.1050,0.0260,-0.1800)
4b_stereo_hole_sensor:        -35.054,     -29.200,      505.57 ->         -35.084,     -29.212,      505.57 (0.0300,0.0120,0.0000)
4b_stereo_slot_sensor:         65.788,     -24.146,      502.49 ->          65.794,     -24.180,      502.52 (-0.0060,0.0340,-0.0300)
4t_axial_hole_sensor:        -35.589,      26.660,      489.70 ->         -35.464,      26.711,      489.65 (-0.1250,-0.0510,0.0500)
4t_axial_slot_sensor:         65.354,      26.660,      486.62 ->          65.414,      26.721,      486.51 (-0.0600,-0.0610,0.1100)
4t_stereo_hole_sensor:        -35.314,      29.200,      497.06 ->         -35.169,      29.210,      497.12 (-0.1450,-0.0100,-0.0600)
4t_stereo_slot_sensor:         65.528,      24.146,      493.99 ->          65.581,      24.211,      493.99 (-0.0530,-0.0650,0.0000)
5b_axial_hole_sensor:        -28.785,     -29.660,      712.84 ->         -28.846,     -29.678,      713.07 (0.0610,0.0180,-0.2300)
5b_axial_slot_sensor:         72.159,     -29.660,      709.76 ->          72.034,     -29.683,      710.03 (0.1250,0.0230,-0.2700)
5b_stereo_hole_sensor:        -28.959,     -32.200,      705.48 ->         -29.010,     -32.189,      705.47 (0.0510,-0.0110,0.0100)
5b_stereo_slot_sensor:         71.883,     -27.146,      702.40 ->          71.777,     -27.160,      702.43 (0.1060,0.0140,-0.0300)
5t_axial_hole_sensor:        -29.493,      29.660,      689.61 ->         -29.417,      29.761,      689.48 (-0.0760,-0.1010,0.1300)
5t_axial_slot_sensor:         71.450,      29.660,      686.53 ->          71.419,      29.783,      686.37 (0.0310,-0.1230,0.1600)
5t_stereo_hole_sensor:        -29.218,      32.200,      696.97 ->         -29.063,      32.249,      697.09 (-0.1550,-0.0490,-0.1200)
5t_stereo_slot_sensor:         71.624,      27.146,      693.90 ->          71.705,      27.248,      693.94 (-0.0810,-0.1020,-0.0400)
6b_axial_hole_sensor:        -22.689,     -32.660,      912.75 ->         -22.795,     -32.655,      912.89 (0.1060,-0.0050,-0.1400)
6b_axial_slot_sensor:         78.254,     -32.660,      909.67 ->          78.097,     -32.665,      909.99 (0.1570,0.0050,-0.3200)
6b_stereo_hole_sensor:        -22.863,     -35.200,      905.38 ->         -22.879,     -35.145,      905.35 (0.0160,-0.0550,0.0300)
6b_stereo_slot_sensor:         77.979,     -30.146,      902.31 ->          77.870,     -30.140,      902.35 (0.1090,-0.0060,-0.0400)
6t_axial_hole_sensor:        -23.398,      32.660,      889.52 ->         -23.248,      32.722,      889.46 (-0.1500,-0.0620,0.0600)
6t_axial_slot_sensor:         77.546,      32.660,      886.44 ->          77.486,      32.709,      886.45 (0.0600,-0.0490,-0.0100)
6t_stereo_hole_sensor:        -23.122,      35.200,      896.88 ->         -22.898,      35.200,      896.91 (-0.2240,0.0000,-0.0300)
6t_stereo_slot_sensor:         77.720,      30.146,      893.80 ->          77.728,      30.212,      893.88 (-0.0080,-0.0660,-0.0800)
