            1b_axial:        -39.192,      123.65,     -5.8420 ->         -39.192,      123.65,     -5.8420 (0.0000,0.0000,0.0000)
           1b_stereo:        -39.192,      123.65,     -13.208 ->         -39.192,      123.65,     -13.208 (0.0000,0.0000,0.0000)
            1t_axial:        -39.192,      123.65,     -5.8420 ->         -39.192,      123.65,     -5.8420 (0.0000,0.0000,0.0000)
           1t_stereo:        -39.192,      123.65,     -13.208 ->         -39.192,      123.65,     -13.208 (0.0000,0.0000,0.0000)
            2b_axial:        -39.192,      123.65,     -5.8420 ->         -39.192,      123.65,     -5.8420 (0.0000,0.0000,0.0000)
           2b_stereo:        -39.192,      123.65,     -13.208 ->         -39.192,      123.65,     -13.208 (0.0000,0.0000,0.0000)
            2t_axial:        -39.192,      123.65,     -5.8420 ->         -39.192,      123.65,     -5.8420 (0.0000,0.0000,0.0000)
           2t_stereo:        -39.192,      123.65,     -13.208 ->         -39.192,      123.65,     -13.208 (0.0000,0.0000,0.0000)
            3b_axial:        -39.192,      123.65,     -5.8420 ->         -39.192,      123.65,     -5.8420 (0.0000,0.0000,0.0000)
           3b_stereo:        -39.192,      123.65,     -13.208 ->         -39.192,      123.65,     -13.208 (0.0000,0.0000,0.0000)
            3t_axial:        -39.192,      123.65,     -5.8420 ->         -39.192,      123.65,     -5.8420 (0.0000,0.0000,0.0000)
           3t_stereo:        -39.192,      123.65,     -13.208 ->         -39.192,      123.65,     -13.208 (0.0000,0.0000,0.0000)
       4b_axial_hole:        -35.103,      98.730,     -5.8420 ->         -35.103,      98.730,     -5.8420 (0.0000,0.0000,0.0000)
       4b_axial_slot:        -35.103,      199.72,     -5.8420 ->         -35.103,      199.72,     -5.8420 (0.0000,0.0000,0.0000)
      4b_stereo_hole:        -32.563,      98.781,     -13.208 ->         -32.563,      98.781,     -13.208 (0.0000,0.0000,0.0000)
      4b_stereo_slot:        -37.617,      199.67,     -13.208 ->         -37.617,      199.67,     -13.208 (0.0000,0.0000,0.0000)
       4t_axial_hole:        -35.103,      98.730,     -5.8420 ->         -35.103,      98.730,     -5.8420 (0.0000,0.0000,0.0000)
       4t_axial_slot:        -35.103,      199.72,     -5.8420 ->         -35.103,      199.72,     -5.8420 (0.0000,0.0000,0.0000)
      4t_stereo_hole:        -32.563,      98.781,     -13.208 ->         -32.563,      98.781,     -13.208 (0.0000,0.0000,0.0000)
      4t_stereo_slot:        -37.617,      199.67,     -13.208 ->         -37.617,      199.67,     -13.208 (0.0000,0.0000,0.0000)
       5b_axial_hole:        -35.103,      98.730,     -5.8420 ->         -35.103,      98.730,     -5.8420 (0.0000,0.0000,0.0000)
       5b_axial_slot:        -35.103,      199.72,     -5.8420 ->         -35.103,      199.72,     -5.8420 (0.0000,0.0000,0.0000)
      5b_stereo_hole:        -32.563,      98.781,     -13.208 ->         -32.563,      98.781,     -13.208 (0.0000,0.0000,0.0000)
      5b_stereo_slot:        -37.617,      199.67,     -13.208 ->         -37.617,      199.67,     -13.208 (0.0000,0.0000,0.0000)
       5t_axial_hole:        -35.103,      98.730,     -5.8420 ->         -35.103,      98.730,     -5.8420 (0.0000,0.0000,0.0000)
       5t_axial_slot:        -35.103,      199.72,     -5.8420 ->         -35.103,      199.72,     -5.8420 (0.0000,0.0000,0.0000)
      5t_stereo_hole:        -32.563,      98.781,     -13.208 ->         -32.563,      98.781,     -13.208 (0.0000,0.0000,0.0000)
      5t_stereo_slot:        -37.617,      199.67,     -13.208 ->         -37.617,      199.67,     -13.208 (0.0000,0.0000,0.0000)
       6b_axial_hole:        -35.103,      98.730,     -5.8420 ->         -35.103,      98.730,     -5.8420 (0.0000,0.0000,0.0000)
       6b_axial_slot:        -35.103,      199.72,     -5.8420 ->         -35.103,      199.72,     -5.8420 (0.0000,0.0000,0.0000)
      6b_stereo_hole:        -32.563,      98.781,     -13.208 ->         -32.563,      98.781,     -13.208 (0.0000,0.0000,0.0000)
      6b_stereo_slot:        -37.617,      199.67,     -13.208 ->         -37.617,      199.67,     -13.208 (0.0000,0.0000,0.0000)
       6t_axial_hole:        -35.103,      98.730,     -5.8420 ->         -35.103,      98.730,     -5.8420 (0.0000,0.0000,0.0000)
       6t_axial_slot:        -35.103,      199.72,     -5.8420 ->         -35.103,      199.72,     -5.8420 (0.0000,0.0000,0.0000)
      6t_stereo_hole:        -32.563,      98.781,     -13.208 ->         -32.563,      98.781,     -13.208 (0.0000,0.0000,0.0000)
      6t_stereo_slot:        -37.617,      199.67,     -13.208 ->         -37.617,      199.67,     -13.208 (0.0000,0.0000,0.0000)
